m =  5
n =  20
A =

 Columns 1 through 7:

  -0.142713   0.438730  -0.473706  -1.158401  -0.749596   0.651321  -0.710924
  -0.515642  -0.191782  -1.809903   1.332052  -1.645754   1.589846  -3.068057
  -0.278824  -0.291098  -1.429715   1.231801  -0.641678  -1.073443  -1.337706
   0.425397   0.749059  -2.193383   0.373388  -0.776190   1.061963  -0.709559
   0.103824   0.158904  -0.071523  -1.334018   1.678612   1.174824   1.396158

 Columns 8 through 14:

   0.643781   1.997599   0.319589  -2.660151   0.712863   0.417744   0.330317
   0.551781  -1.488840  -1.066691  -1.594322   1.394777  -1.269252   1.203902
   0.944785  -0.408819  -0.257085   0.756825   0.111437  -0.403315  -0.971187
  -1.306354  -1.383178   0.702974  -1.569649  -0.498488   0.932112  -0.020181
  -0.813515  -0.686515  -1.192846  -0.736630   1.202706   0.991365  -2.187231

 Columns 15 through 20:

  -0.462841  -0.829986  -0.369926   0.700018  -0.971453   0.708867
  -1.900671   0.983359  -0.017026   0.234564  -0.445569   0.199003
  -0.469840   1.097289  -0.258751   1.885049  -0.205607  -1.278046
   0.957834  -0.375801  -0.637768  -1.366903   0.245706   0.425676
   0.670557  -2.250225  -1.699076   0.505402  -2.866346  -0.378277

b =

   0.28581
  -0.56928
  -1.56371
  -0.33428
   0.47445

c =

  -0.19644
  -0.12841
  -0.18445
   1.13081
  -1.06459
  -0.29936
  -1.80107
   1.41992
   0.71745
  -0.34614
   1.17594
   1.26283
   0.37699
   1.31476
   0.91621
  -1.64570
   0.20820
  -1.13084
   0.77727
   0.74653

Simplex: Fase 1

Iteração 1
            | x1      | x2      | x3      | x4      | x5      | x6      | x7      | x8      | x9      | x10     | x11     | x12     | x13     | x14     | x15     | x16     | x17     | x18     | x19     | x20     | x21     | x22     | x23     | x24     | x25     |
     -3.228 |  -0.330 |  -0.331 |  -4.888 |   5.430 |  -3.993 |  -0.248 |  -5.801 |   0.360 |  -4.592 |   0.252 |   0.990 |  -0.908 |  -2.150 |   2.069 |  -1.620 |   4.785 |   1.155 |  -0.453 |   3.432 |  -0.984 |   0.000 |   0.000 |   0.000 |   0.000 |   0.000 |
-----------------------------------------------------------------------------------------------------------------------------------------------------------------------------------------------------------------------------------------------------------------------
x21   0.286 |  -0.143 |   0.439 |  -0.474 |  -1.158 |  -0.750 |   0.651 |  -0.711 |   0.644 |   1.998 |   0.320 |  -2.660 |   0.713 |   0.418 |   0.330 |  -0.463 |  -0.830 |  -0.370 |   0.700 |  -0.971 |   0.709 |   1.000 |   0.000 |   0.000 |   0.000 |   0.000 |
x22   0.569 |   0.516*|   0.192 |   1.810 |  -1.332 |   1.646 |  -1.590 |   3.068 |  -0.552 |   1.489 |   1.067 |   1.594 |  -1.395 |   1.269 |  -1.204 |   1.901 |  -0.983 |   0.017 |  -0.235 |   0.446 |  -0.199 |   0.000 |   1.000 |   0.000 |   0.000 |   0.000 |
x23   1.564 |   0.279 |   0.291 |   1.430 |  -1.232 |   0.642 |   1.073 |   1.338 |  -0.945 |   0.409 |   0.257 |  -0.757 |  -0.111 |   0.403 |   0.971 |   0.470 |  -1.097 |   0.259 |  -1.885 |   0.206 |   1.278 |   0.000 |   0.000 |   1.000 |   0.000 |   0.000 |
x24   0.334 |  -0.425 |  -0.749 |   2.193 |  -0.373 |   0.776 |  -1.062 |   0.710 |   1.306 |   1.383 |  -0.703 |   1.570 |   0.498 |  -0.932 |   0.020 |  -0.958 |   0.376 |   0.638 |   1.367 |  -0.246 |  -0.426 |   0.000 |   0.000 |   0.000 |   1.000 |   0.000 |
x25   0.474 |   0.104 |   0.159 |  -0.072 |  -1.334 |   1.679 |   1.175 |   1.396 |  -0.814 |  -0.687 |  -1.193 |  -0.737 |   1.203 |   0.991 |  -2.187 |   0.671 |  -2.250 |  -1.699 |   0.505 |  -2.866 |  -0.378 |   0.000 |   0.000 |   0.000 |   0.000 |   1.000 |

Iteração 2
            | x1      | x2      | x3      | x4      | x5      | x6      | x7      | x8      | x9      | x10     | x11     | x12     | x13     | x14     | x15     | x16     | x17     | x18     | x19     | x20     | x21     | x22     | x23     | x24     | x25     |
     -2.863 |   0.000 |  -0.209 |  -3.729 |   4.577 |  -2.939 |  -1.266 |  -3.836 |   0.007 |  -3.639 |   0.935 |   2.011 |  -1.801 |  -1.337 |   1.299 |  -0.403 |   4.155 |   1.166 |  -0.603 |   3.718 |  -1.111 |   0.000 |   0.640 |   0.000 |   0.000 |   0.000 |
-----------------------------------------------------------------------------------------------------------------------------------------------------------------------------------------------------------------------------------------------------------------------
x21   0.443 |   0.000 |   0.492*|   0.027 |  -1.527 |  -0.294 |   0.211 |   0.138 |   0.491 |   2.410 |   0.615 |  -2.219 |   0.327 |   0.769 |  -0.003 |   0.063 |  -1.102 |  -0.365 |   0.635 |  -0.848 |   0.654 |   1.000 |   0.277 |   0.000 |   0.000 |   0.000 |
x1    1.104 |   1.000 |   0.372 |   3.510 |  -2.583 |   3.192 |  -3.083 |   5.950 |  -1.070 |   2.887 |   2.069 |   3.092 |  -2.705 |   2.462 |  -2.335 |   3.686 |  -1.907 |   0.033 |  -0.455 |   0.864 |  -0.386 |   0.000 |   1.939 |   0.000 |   0.000 |   0.000 |
x23   1.256 |   0.000 |   0.187 |   0.451 |  -0.512 |  -0.248 |   1.933 |  -0.321 |  -0.646 |  -0.396 |  -0.320 |  -1.619 |   0.643 |  -0.283 |   1.622 |  -0.558 |  -0.566 |   0.250 |  -1.758 |  -0.035 |   1.386 |   0.000 |  -0.541 |   1.000 |   0.000 |   0.000 |
x24   0.804 |   0.000 |  -0.591 |   3.687 |  -1.472 |   2.134 |  -2.374 |   3.241 |   0.851 |   2.611 |   0.177 |   2.885 |  -0.652 |   0.115 |  -0.973 |   0.610 |  -0.435 |   0.652 |   1.173 |   0.122 |  -0.590 |   0.000 |   0.825 |   0.000 |   1.000 |   0.000 |
x25   0.360 |   0.000 |   0.120 |  -0.436 |  -1.066 |   1.347 |   1.495 |   0.778 |  -0.702 |  -0.986 |  -1.408 |  -1.058 |   1.484 |   0.736 |  -1.945 |   0.288 |  -2.052 |  -1.703 |   0.553 |  -2.956 |  -0.338 |   0.000 |  -0.201 |   0.000 |   0.000 |   1.000 |

Iteração 3
            | x1      | x2      | x3      | x4      | x5      | x6      | x7      | x8      | x9      | x10     | x11     | x12     | x13     | x14     | x15     | x16     | x17     | x18     | x19     | x20     | x21     | x22     | x23     | x24     | x25     |
     -2.675 |   0.000 |   0.000 |  -3.717 |   3.929 |  -3.064 |  -1.176 |  -3.777 |   0.215 |  -2.616 |   1.196 |   1.069 |  -1.662 |  -1.011 |   1.297 |  -0.377 |   3.688 |   1.011 |  -0.333 |   3.358 |  -0.834 |   0.424 |   0.758 |   0.000 |   0.000 |   0.000 |
-----------------------------------------------------------------------------------------------------------------------------------------------------------------------------------------------------------------------------------------------------------------------
x2    0.902 |   0.000 |   1.000 |   0.055 |  -3.105 |  -0.598 |   0.430 |   0.281 |   0.998 |   4.900 |   1.250 |  -4.512 |   0.665 |   1.564 |  -0.006 |   0.129 |  -2.241 |  -0.743 |   1.291 |  -1.725 |   1.329 |   2.033 |   0.563 |   0.000 |   0.000 |   0.000 |
x1    0.769 |   1.000 |   0.000 |   3.489*|  -1.428 |   3.414 |  -3.243 |   5.845 |  -1.441 |   1.065 |   1.604 |   4.770 |  -2.952 |   1.880 |  -2.333 |   3.638 |  -1.074 |   0.309 |  -0.935 |   1.506 |  -0.880 |  -0.756 |   1.730 |   0.000 |   0.000 |   0.000 |
x23   1.087 |   0.000 |   0.000 |   0.441 |   0.070 |  -0.136 |   1.853 |  -0.374 |  -0.834 |  -1.314 |  -0.554 |  -0.773 |   0.518 |  -0.576 |   1.623 |  -0.582 |  -0.146 |   0.389 |  -2.000 |   0.288 |   1.137 |  -0.381 |  -0.646 |   1.000 |   0.000 |   0.000 |
x24   1.337 |   0.000 |   0.000 |   3.719 |  -3.307 |   1.781 |  -2.120 |   3.407 |   1.441 |   5.506 |   0.916 |   0.219 |  -0.260 |   1.039 |  -0.976 |   0.686 |  -1.760 |   0.213 |   1.936 |  -0.897 |   0.196 |   1.201 |   1.157 |   0.000 |   1.000 |   0.000 |
x25   0.251 |   0.000 |   0.000 |  -0.443 |  -0.692 |   1.419 |   1.443 |   0.745 |  -0.823 |  -1.576 |  -1.558 |  -0.515 |   1.404 |   0.548 |  -1.944 |   0.272 |  -1.783 |  -1.613 |   0.397 |  -2.749 |  -0.498 |  -0.245 |  -0.269 |   0.000 |   0.000 |   1.000 |

Iteração 4
