m =  9
n =  18
A =

   0   0   0   0   1   0   1   1   1   0   0   0   1   1   1   0   1   0
   0   1   1   0   1   0   0   0   1   0   1   1   1   0   0   0   0   0
   0   0   0   0   1   1   1   1   0   0   1   0   1   1   1   1   0   1
   1   1   1   1   1   0   0   0   1   1   0   0   0   0   0   1   0   0
   0   0   1   0   0   1   0   0   1   1   1   1   0   1   0   1   0   0
   0   1   1   1   1   0   0   0   1   0   1   1   1   1   0   0   1   0
   0   1   1   0   1   1   0   0   0   1   0   0   0   0   1   0   0   0
   0   0   1   0   0   1   1   0   0   0   1   0   1   1   0   1   1   0
   0   0   1   1   1   0   1   1   0   1   1   0   0   1   1   1   1   1

b =

   1
   1
   1
   1
   1
   1
   1
   1
   1

c =

   0.742928
   0.753534
   0.643463
   0.826123
   0.802096
   0.499639
   0.663514
   0.301687
   0.836981
   0.226367
   0.244325
   0.853289
   0.068861
   0.851181
   0.224971
   0.117142
   0.015999
   0.252870

Simplex: Fase 1

Iteração 1
            | x1      | x2      | x3      | x4      | x5      | x6      | x7      | x8      | x9      | x10     | x11     | x12     | x13     | x14     | x15     | x16     | x17     | x18     | x19     | x20     | x21     | x22     | x23     | x24     | x25     | x26     | x27     |
     -9.000 |  -1.000 |  -4.000 |  -7.000 |  -3.000 |  -7.000 |  -4.000 |  -4.000 |  -3.000 |  -5.000 |  -4.000 |  -6.000 |  -3.000 |  -5.000 |  -6.000 |  -4.000 |  -5.000 |  -4.000 |  -2.000 |   0.000 |   0.000 |   0.000 |   0.000 |   0.000 |   0.000 |   0.000 |   0.000 |   0.000 |
-------------------------------------------------------------------------------------------------------------------------------------------------------------------------------------------------------------------------------------------------------------------------------------------
x19   1.000 |   0.000 |   0.000 |   0.000 |   0.000 |   1.000 |   0.000 |   1.000 |   1.000 |   1.000 |   0.000 |   0.000 |   0.000 |   1.000 |   1.000 |   1.000 |   0.000 |   1.000 |   0.000 |   1.000 |   0.000 |   0.000 |   0.000 |   0.000 |   0.000 |   0.000 |   0.000 |   0.000 |
x20   1.000 |   0.000 |   1.000 |   1.000 |   0.000 |   1.000 |   0.000 |   0.000 |   0.000 |   1.000 |   0.000 |   1.000 |   1.000 |   1.000 |   0.000 |   0.000 |   0.000 |   0.000 |   0.000 |   0.000 |   1.000 |   0.000 |   0.000 |   0.000 |   0.000 |   0.000 |   0.000 |   0.000 |
x21   1.000 |   0.000 |   0.000 |   0.000 |   0.000 |   1.000 |   1.000 |   1.000 |   1.000 |   0.000 |   0.000 |   1.000 |   0.000 |   1.000 |   1.000 |   1.000 |   1.000 |   0.000 |   1.000 |   0.000 |   0.000 |   1.000 |   0.000 |   0.000 |   0.000 |   0.000 |   0.000 |   0.000 |
x22   1.000 |   1.000*|   1.000 |   1.000 |   1.000 |   1.000 |   0.000 |   0.000 |   0.000 |   1.000 |   1.000 |   0.000 |   0.000 |   0.000 |   0.000 |   0.000 |   1.000 |   0.000 |   0.000 |   0.000 |   0.000 |   0.000 |   1.000 |   0.000 |   0.000 |   0.000 |   0.000 |   0.000 |
x23   1.000 |   0.000 |   0.000 |   1.000 |   0.000 |   0.000 |   1.000 |   0.000 |   0.000 |   1.000 |   1.000 |   1.000 |   1.000 |   0.000 |   1.000 |   0.000 |   1.000 |   0.000 |   0.000 |   0.000 |   0.000 |   0.000 |   0.000 |   1.000 |   0.000 |   0.000 |   0.000 |   0.000 |
x24   1.000 |   0.000 |   1.000 |   1.000 |   1.000 |   1.000 |   0.000 |   0.000 |   0.000 |   1.000 |   0.000 |   1.000 |   1.000 |   1.000 |   1.000 |   0.000 |   0.000 |   1.000 |   0.000 |   0.000 |   0.000 |   0.000 |   0.000 |   0.000 |   1.000 |   0.000 |   0.000 |   0.000 |
x25   1.000 |   0.000 |   1.000 |   1.000 |   0.000 |   1.000 |   1.000 |   0.000 |   0.000 |   0.000 |   1.000 |   0.000 |   0.000 |   0.000 |   0.000 |   1.000 |   0.000 |   0.000 |   0.000 |   0.000 |   0.000 |   0.000 |   0.000 |   0.000 |   0.000 |   1.000 |   0.000 |   0.000 |
x26   1.000 |   0.000 |   0.000 |   1.000 |   0.000 |   0.000 |   1.000 |   1.000 |   0.000 |   0.000 |   0.000 |   1.000 |   0.000 |   1.000 |   1.000 |   0.000 |   1.000 |   1.000 |   0.000 |   0.000 |   0.000 |   0.000 |   0.000 |   0.000 |   0.000 |   0.000 |   1.000 |   0.000 |
x27   1.000 |   0.000 |   0.000 |   1.000 |   1.000 |   1.000 |   0.000 |   1.000 |   1.000 |   0.000 |   1.000 |   1.000 |   0.000 |   0.000 |   1.000 |   1.000 |   1.000 |   1.000 |   1.000 |   0.000 |   0.000 |   0.000 |   0.000 |   0.000 |   0.000 |   0.000 |   0.000 |   1.000 |

Iteração 2
            | x1      | x2      | x3      | x4      | x5      | x6      | x7      | x8      | x9      | x10     | x11     | x12     | x13     | x14     | x15     | x16     | x17     | x18     | x19     | x20     | x21     | x22     | x23     | x24     | x25     | x26     | x27     |
     -8.000 |   0.000 |  -3.000 |  -6.000 |  -2.000 |  -6.000 |  -4.000 |  -4.000 |  -3.000 |  -4.000 |  -3.000 |  -6.000 |  -3.000 |  -5.000 |  -6.000 |  -4.000 |  -4.000 |  -4.000 |  -2.000 |   0.000 |   0.000 |   0.000 |   1.000 |   0.000 |   0.000 |   0.000 |   0.000 |   0.000 |
-------------------------------------------------------------------------------------------------------------------------------------------------------------------------------------------------------------------------------------------------------------------------------------------
x19   1.000 |   0.000 |   0.000 |   0.000 |   0.000 |   1.000 |   0.000 |   1.000 |   1.000 |   1.000 |   0.000 |   0.000 |   0.000 |   1.000 |   1.000 |   1.000 |   0.000 |   1.000 |   0.000 |   1.000 |   0.000 |   0.000 |   0.000 |   0.000 |   0.000 |   0.000 |   0.000 |   0.000 |
x20   1.000 |   0.000 |   1.000 |   1.000 |   0.000 |   1.000 |   0.000 |   0.000 |   0.000 |   1.000 |   0.000 |   1.000 |   1.000 |   1.000 |   0.000 |   0.000 |   0.000 |   0.000 |   0.000 |   0.000 |   1.000 |   0.000 |   0.000 |   0.000 |   0.000 |   0.000 |   0.000 |   0.000 |
x21   1.000 |   0.000 |   0.000 |   0.000 |   0.000 |   1.000 |   1.000 |   1.000 |   1.000 |   0.000 |   0.000 |   1.000 |   0.000 |   1.000 |   1.000 |   1.000 |   1.000 |   0.000 |   1.000 |   0.000 |   0.000 |   1.000 |   0.000 |   0.000 |   0.000 |   0.000 |   0.000 |   0.000 |
x1    1.000 |   1.000 |   1.000*|   1.000 |   1.000 |   1.000 |   0.000 |   0.000 |   0.000 |   1.000 |   1.000 |   0.000 |   0.000 |   0.000 |   0.000 |   0.000 |   1.000 |   0.000 |   0.000 |   0.000 |   0.000 |   0.000 |   1.000 |   0.000 |   0.000 |   0.000 |   0.000 |   0.000 |
x23   1.000 |   0.000 |   0.000 |   1.000 |   0.000 |   0.000 |   1.000 |   0.000 |   0.000 |   1.000 |   1.000 |   1.000 |   1.000 |   0.000 |   1.000 |   0.000 |   1.000 |   0.000 |   0.000 |   0.000 |   0.000 |   0.000 |   0.000 |   1.000 |   0.000 |   0.000 |   0.000 |   0.000 |
x24   1.000 |   0.000 |   1.000 |   1.000 |   1.000 |   1.000 |   0.000 |   0.000 |   0.000 |   1.000 |   0.000 |   1.000 |   1.000 |   1.000 |   1.000 |   0.000 |   0.000 |   1.000 |   0.000 |   0.000 |   0.000 |   0.000 |   0.000 |   0.000 |   1.000 |   0.000 |   0.000 |   0.000 |
x25   1.000 |   0.000 |   1.000 |   1.000 |   0.000 |   1.000 |   1.000 |   0.000 |   0.000 |   0.000 |   1.000 |   0.000 |   0.000 |   0.000 |   0.000 |   1.000 |   0.000 |   0.000 |   0.000 |   0.000 |   0.000 |   0.000 |   0.000 |   0.000 |   0.000 |   1.000 |   0.000 |   0.000 |
x26   1.000 |   0.000 |   0.000 |   1.000 |   0.000 |   0.000 |   1.000 |   1.000 |   0.000 |   0.000 |   0.000 |   1.000 |   0.000 |   1.000 |   1.000 |   0.000 |   1.000 |   1.000 |   0.000 |   0.000 |   0.000 |   0.000 |   0.000 |   0.000 |   0.000 |   0.000 |   1.000 |   0.000 |
x27   1.000 |   0.000 |   0.000 |   1.000 |   1.000 |   1.000 |   0.000 |   1.000 |   1.000 |   0.000 |   1.000 |   1.000 |   0.000 |   0.000 |   1.000 |   1.000 |   1.000 |   1.000 |   1.000 |   0.000 |   0.000 |   0.000 |   0.000 |   0.000 |   0.000 |   0.000 |   0.000 |   1.000 |

Iteração 3
