m =  6
n =  38
A =

 Columns 1 through 20:

   0   1   1   0   0   1   1   1   0   0   0   0   0   0   1   0   1   1   1   0
   1   0   0   1   0   0   0   1   0   0   1   1   0   1   1   1   1   0   0   0
   0   1   0   1   1   1   0   1   1   0   0   0   0   0   0   0   1   1   1   0
   1   0   1   1   0   1   1   0   0   1   0   1   1   0   0   1   1   0   1   0
   0   0   0   1   0   0   1   0   0   1   0   0   0   1   0   1   1   0   0   0
   0   0   0   0   1   1   1   0   1   0   1   0   0   0   1   1   1   1   1   1

 Columns 21 through 38:

   0   1   1   1   0   0   0   1   0   0   0   0   1   1   0   0   0   1
   1   1   1   1   0   0   1   1   0   0   1   0   1   0   1   0   0   1
   1   0   1   0   0   0   1   0   1   1   0   1   1   0   0   1   0   0
   0   1   1   0   1   1   0   1   1   1   1   0   0   0   1   1   0   1
   0   0   1   1   0   0   0   0   0   1   0   1   0   1   0   0   1   0
   1   0   1   1   1   1   1   1   1   1   0   1   1   0   0   1   0   1

b =

   1
   1
   1
   1
   1
   1

c =

   0.952328
   0.580374
   0.033446
   0.240435
   0.939515
   0.662724
   0.173315
   0.980051
   0.159567
   0.956204
   0.204246
   0.053416
   0.893648
   0.546231
   0.983258
   0.205455
   0.375182
   0.837989
   0.132369
   0.074072
   0.485918
   0.964115
   0.397244
   0.734950
   0.347640
   0.149883
   0.989925
   0.681613
   0.348134
   0.051946
   0.486410
   0.533837
   0.550340
   0.299831
   0.245914
   0.922317
   0.552157
   0.709077

Simplex: Fase 1

Iteração 1
            | x1      | x2      | x3      | x4      | x5      | x6      | x7      | x8      | x9      | x10     | x11     | x12     | x13     | x14     | x15     | x16     | x17     | x18     | x19     | x20     | x21     | x22     | x23     | x24     | x25     | x26     | x27     | x28     | x29     | x30     | x31     | x32     | x33     | x34     | x35     | x36     | x37     | x38     | x39     | x40     | x41     | x42     | x43     | x44     |
     -6.000 |  -2.000 |  -2.000 |  -2.000 |  -4.000 |  -2.000 |  -4.000 |  -4.000 |  -3.000 |  -2.000 |  -2.000 |  -2.000 |  -2.000 |  -1.000 |  -2.000 |  -3.000 |  -4.000 |  -6.000 |  -3.000 |  -4.000 |  -1.000 |  -3.000 |  -3.000 |  -6.000 |  -4.000 |  -2.000 |  -2.000 |  -3.000 |  -4.000 |  -3.000 |  -4.000 |  -2.000 |  -3.000 |  -4.000 |  -2.000 |  -2.000 |  -3.000 |  -1.000 |  -4.000 |   0.000 |   0.000 |   0.000 |   0.000 |   0.000 |   0.000 |
---------------------------------------------------------------------------------------------------------------------------------------------------------------------------------------------------------------------------------------------------------------------------------------------------------------------------------------------------------------------------------------------------------------------------------------------------------------------
x39   1.000 |   0.000 |   1.000 |   1.000 |   0.000 |   0.000 |   1.000 |   1.000 |   1.000 |   0.000 |   0.000 |   0.000 |   0.000 |   0.000 |   0.000 |   1.000 |   0.000 |   1.000 |   1.000 |   1.000 |   0.000 |   0.000 |   1.000 |   1.000 |   1.000 |   0.000 |   0.000 |   0.000 |   1.000 |   0.000 |   0.000 |   0.000 |   0.000 |   1.000 |   1.000 |   0.000 |   0.000 |   0.000 |   1.000 |   1.000 |   0.000 |   0.000 |   0.000 |   0.000 |   0.000 |
x40   1.000 |   1.000*|   0.000 |   0.000 |   1.000 |   0.000 |   0.000 |   0.000 |   1.000 |   0.000 |   0.000 |   1.000 |   1.000 |   0.000 |   1.000 |   1.000 |   1.000 |   1.000 |   0.000 |   0.000 |   0.000 |   1.000 |   1.000 |   1.000 |   1.000 |   0.000 |   0.000 |   1.000 |   1.000 |   0.000 |   0.000 |   1.000 |   0.000 |   1.000 |   0.000 |   1.000 |   0.000 |   0.000 |   1.000 |   0.000 |   1.000 |   0.000 |   0.000 |   0.000 |   0.000 |
x41   1.000 |   0.000 |   1.000 |   0.000 |   1.000 |   1.000 |   1.000 |   0.000 |   1.000 |   1.000 |   0.000 |   0.000 |   0.000 |   0.000 |   0.000 |   0.000 |   0.000 |   1.000 |   1.000 |   1.000 |   0.000 |   1.000 |   0.000 |   1.000 |   0.000 |   0.000 |   0.000 |   1.000 |   0.000 |   1.000 |   1.000 |   0.000 |   1.000 |   1.000 |   0.000 |   0.000 |   1.000 |   0.000 |   0.000 |   0.000 |   0.000 |   1.000 |   0.000 |   0.000 |   0.000 |
x42   1.000 |   1.000 |   0.000 |   1.000 |   1.000 |   0.000 |   1.000 |   1.000 |   0.000 |   0.000 |   1.000 |   0.000 |   1.000 |   1.000 |   0.000 |   0.000 |   1.000 |   1.000 |   0.000 |   1.000 |   0.000 |   0.000 |   1.000 |   1.000 |   0.000 |   1.000 |   1.000 |   0.000 |   1.000 |   1.000 |   1.000 |   1.000 |   0.000 |   0.000 |   0.000 |   1.000 |   1.000 |   0.000 |   1.000 |   0.000 |   0.000 |   0.000 |   1.000 |   0.000 |   0.000 |
x43   1.000 |   0.000 |   0.000 |   0.000 |   1.000 |   0.000 |   0.000 |   1.000 |   0.000 |   0.000 |   1.000 |   0.000 |   0.000 |   0.000 |   1.000 |   0.000 |   1.000 |   1.000 |   0.000 |   0.000 |   0.000 |   0.000 |   0.000 |   1.000 |   1.000 |   0.000 |   0.000 |   0.000 |   0.000 |   0.000 |   1.000 |   0.000 |   1.000 |   0.000 |   1.000 |   0.000 |   0.000 |   1.000 |   0.000 |   0.000 |   0.000 |   0.000 |   0.000 |   1.000 |   0.000 |
x44   1.000 |   0.000 |   0.000 |   0.000 |   0.000 |   1.000 |   1.000 |   1.000 |   0.000 |   1.000 |   0.000 |   1.000 |   0.000 |   0.000 |   0.000 |   1.000 |   1.000 |   1.000 |   1.000 |   1.000 |   1.000 |   1.000 |   0.000 |   1.000 |   1.000 |   1.000 |   1.000 |   1.000 |   1.000 |   1.000 |   1.000 |   0.000 |   1.000 |   1.000 |   0.000 |   0.000 |   1.000 |   0.000 |   1.000 |   0.000 |   0.000 |   0.000 |   0.000 |   0.000 |   1.000 |

Iteração 2
            | x1      | x2      | x3      | x4      | x5      | x6      | x7      | x8      | x9      | x10     | x11     | x12     | x13     | x14     | x15     | x16     | x17     | x18     | x19     | x20     | x21     | x22     | x23     | x24     | x25     | x26     | x27     | x28     | x29     | x30     | x31     | x32     | x33     | x34     | x35     | x36     | x37     | x38     | x39     | x40     | x41     | x42     | x43     | x44     |
     -4.000 |   0.000 |  -2.000 |  -2.000 |  -2.000 |  -2.000 |  -4.000 |  -4.000 |  -1.000 |  -2.000 |  -2.000 |   0.000 |   0.000 |  -1.000 |   0.000 |  -1.000 |  -2.000 |  -4.000 |  -3.000 |  -4.000 |  -1.000 |  -1.000 |  -1.000 |  -4.000 |  -2.000 |  -2.000 |  -2.000 |  -1.000 |  -2.000 |  -3.000 |  -4.000 |   0.000 |  -3.000 |  -2.000 |  -2.000 |   0.000 |  -3.000 |  -1.000 |  -2.000 |   0.000 |   2.000 |   0.000 |   0.000 |   0.000 |   0.000 |
---------------------------------------------------------------------------------------------------------------------------------------------------------------------------------------------------------------------------------------------------------------------------------------------------------------------------------------------------------------------------------------------------------------------------------------------------------------------
x39   1.000 |   0.000 |   1.000*|   1.000 |   0.000 |   0.000 |   1.000 |   1.000 |   1.000 |   0.000 |   0.000 |   0.000 |   0.000 |   0.000 |   0.000 |   1.000 |   0.000 |   1.000 |   1.000 |   1.000 |   0.000 |   0.000 |   1.000 |   1.000 |   1.000 |   0.000 |   0.000 |   0.000 |   1.000 |   0.000 |   0.000 |   0.000 |   0.000 |   1.000 |   1.000 |   0.000 |   0.000 |   0.000 |   1.000 |   1.000 |   0.000 |   0.000 |   0.000 |   0.000 |   0.000 |
x1    1.000 |   1.000 |   0.000 |   0.000 |   1.000 |   0.000 |   0.000 |   0.000 |   1.000 |   0.000 |   0.000 |   1.000 |   1.000 |   0.000 |   1.000 |   1.000 |   1.000 |   1.000 |   0.000 |   0.000 |   0.000 |   1.000 |   1.000 |   1.000 |   1.000 |   0.000 |   0.000 |   1.000 |   1.000 |   0.000 |   0.000 |   1.000 |   0.000 |   1.000 |   0.000 |   1.000 |   0.000 |   0.000 |   1.000 |   0.000 |   1.000 |   0.000 |   0.000 |   0.000 |   0.000 |
